0.000000000000000000e+00 0.000000000000000000e+00 0.000000000000000000e+00 0.000000000000000000e+00 0.000000000000000000e+00 0.000000000000000000e+00
5.000000000000000000e-01 0.000000000000000000e+00 0.000000000000000000e+00 0.000000000000000000e+00 0.000000000000000000e+00 5.000000000000000000e-01
5.000000000000000000e-01 2.500000000000000000e-01 0.000000000000000000e+00 0.000000000000000000e+00 2.500000000000000000e-01 5.000000000000000000e-01
6.250000000000000000e-01 2.500000000000000000e-01 1.250000000000000000e-01 1.250000000000000000e-01 2.500000000000000000e-01 6.250000000000000000e-01
6.250000000000000000e-01 3.750000000000000000e-01 1.875000000000000000e-01 1.875000000000000000e-01 3.750000000000000000e-01 6.250000000000000000e-01
6.875000000000000000e-01 4.062500000000000000e-01 2.812500000000000000e-01 2.812500000000000000e-01 4.062500000000000000e-01 6.875000000000000000e-01
7.031250000000000000e-01 4.843750000000000000e-01 3.437500000000000000e-01 3.437500000000000000e-01 4.843750000000000000e-01 7.031250000000000000e-01
7.421875000000000000e-01 5.234375000000000000e-01 4.140625000000000000e-01 4.140625000000000000e-01 5.234375000000000000e-01 7.421875000000000000e-01
7.617187500000000000e-01 5.781250000000000000e-01 4.687500000000000000e-01 4.687500000000000000e-01 5.781250000000000000e-01 7.617187500000000000e-01
7.890625000000000000e-01 6.152343750000000000e-01 5.234375000000000000e-01 5.234375000000000000e-01 6.152343750000000000e-01 7.890625000000000000e-01
8.076171875000000000e-01 6.562500000000000000e-01 5.693359375000000000e-01 5.693359375000000000e-01 6.562500000000000000e-01 8.076171875000000000e-01
8.281250000000000000e-01 6.884765625000000000e-01 6.127929687500000000e-01 6.127929687500000000e-01 6.884765625000000000e-01 8.281250000000000000e-01
8.442382812500000000e-01 7.204589843750000000e-01 6.506347656250000000e-01 6.506347656250000000e-01 7.204589843750000000e-01 8.442382812500000000e-01
8.602294921875000000e-01 7.474365234375000000e-01 6.855468750000000000e-01 6.855468750000000000e-01 7.474365234375000000e-01 8.602294921875000000e-01
8.737182617187500000e-01 7.728881835937500000e-01 7.164916992187500000e-01 7.164916992187500000e-01 7.728881835937500000e-01 8.737182617187500000e-01
8.864440917968750000e-01 7.951049804687500000e-01 7.446899414062500000e-01 7.446899414062500000e-01 7.951049804687500000e-01 8.864440917968750000e-01
8.975524902343750000e-01 8.155670166015625000e-01 7.698974609375000000e-01 7.698974609375000000e-01 8.155670166015625000e-01 8.975524902343750000e-01
9.077835083007812500e-01 8.337249755859375000e-01 7.927322387695312500e-01 7.927322387695312500e-01 8.337249755859375000e-01 9.077835083007812500e-01
9.168624877929687500e-01 8.502578735351562500e-01 8.132286071777343750e-01 8.132286071777343750e-01 8.502578735351562500e-01 9.168624877929687500e-01
9.251289367675781250e-01 8.650455474853515625e-01 8.317432403564453125e-01 8.317432403564453125e-01 8.650455474853515625e-01 9.251289367675781250e-01
9.325227737426757812e-01 8.784360885620117188e-01 8.483943939208984375e-01 8.483943939208984375e-01 8.784360885620117188e-01 9.325227737426757812e-01
9.392180442810058594e-01 8.904585838317871094e-01 8.634152412414550781e-01 8.634152412414550781e-01 8.904585838317871094e-01 9.392180442810058594e-01
9.452292919158935547e-01 9.013166427612304688e-01 8.769369125366210938e-01 8.769369125366210938e-01 9.013166427612304688e-01 9.452292919158935547e-01
9.506583213806152344e-01 9.110831022262573242e-01 8.891267776489257812e-01 8.891267776489257812e-01 9.110831022262573242e-01 9.506583213806152344e-01
9.555415511131286621e-01 9.198925495147705078e-01 9.001049399375915527e-01 9.001049399375915527e-01 9.198925495147705078e-01 9.555415511131286621e-01
9.599462747573852539e-01 9.278232455253601074e-01 9.099987447261810303e-01 9.099987447261810303e-01 9.278232455253601074e-01 9.599462747573852539e-01
9.639116227626800537e-01 9.349725097417831421e-01 9.189109951257705688e-01 9.189109951257705688e-01 9.349725097417831421e-01 9.639116227626800537e-01
9.674862548708915710e-01 9.414113089442253113e-01 9.269417524337768555e-01 9.269417524337768555e-01 9.414113089442253113e-01 9.674862548708915710e-01
9.707056544721126556e-01 9.472140036523342133e-01 9.341765306890010834e-01 9.341765306890010834e-01 9.472140036523342133e-01 9.707056544721126556e-01
9.736070018261671066e-01 9.524410925805568695e-01 9.406952671706676483e-01 9.406952671706676483e-01 9.524410925805568695e-01 9.736070018261671066e-01
9.762205462902784348e-01 9.571511344984173775e-01 9.465681798756122589e-01 9.465681798756122589e-01 9.571511344984173775e-01 9.762205462902784348e-01
9.785755672492086887e-01 9.613943630829453468e-01 9.518596571870148182e-01 9.518596571870148182e-01 9.613943630829453468e-01 9.785755672492086887e-01
9.806971815414726734e-01 9.652176122181117535e-01 9.566270101349800825e-01 9.566270101349800825e-01 9.652176122181117535e-01 9.806971815414726734e-01
9.826088061090558767e-01 9.686620958382263780e-01 9.609223111765459180e-01 9.609223111765459180e-01 9.686620958382263780e-01 9.826088061090558767e-01
9.843310479191131890e-01 9.717655586428008974e-01 9.647922035073861480e-01 9.647922035073861480e-01 9.717655586428008974e-01 9.843310479191131890e-01
9.858827793214004487e-01 9.745616257132496685e-01 9.682788810750935227e-01 9.682788810750935227e-01 9.745616257132496685e-01 9.858827793214004487e-01
9.872808128566248342e-01 9.770808301982469857e-01 9.714202533941715956e-01 9.714202533941715956e-01 9.770808301982469857e-01 9.872808128566248342e-01
9.885404150991234928e-01 9.793505331253982149e-01 9.742505417962092906e-01 9.742505417962092906e-01 9.793505331253982149e-01 9.885404150991234928e-01
9.896752665626991075e-01 9.813954784476663917e-01 9.768005374608037528e-01 9.768005374608037528e-01 9.813954784476663917e-01 9.896752665626991075e-01
9.906977392238331959e-01 9.832379020117514301e-01 9.790980079542350722e-01 9.790980079542350722e-01 9.832379020117514301e-01 9.906977392238331959e-01
9.916189510058757151e-01 9.848978735890341341e-01 9.811679549829932512e-01 9.811679549829932512e-01 9.848978735890341341e-01 9.916189510058757151e-01
9.924489367945170670e-01 9.863934529944344831e-01 9.830329142860136926e-01 9.830329142860136926e-01 9.863934529944344831e-01 9.924489367945170670e-01
9.931967264972172416e-01 9.877409255402653798e-01 9.847131836402240879e-01 9.847131836402240879e-01 9.877409255402653798e-01 9.931967264972172416e-01
9.938704627701326899e-01 9.889549550687206647e-01 9.862270545902447338e-01 9.862270545902447338e-01 9.889549550687206647e-01 9.938704627701326899e-01
9.944774775343603324e-01 9.900487586801887119e-01 9.875910048294826993e-01 9.875910048294826993e-01 9.900487586801887119e-01 9.944774775343603324e-01
9.950243793400943559e-01 9.910342411819215158e-01 9.888198817548357056e-01 9.888198817548357056e-01 9.910342411819215158e-01 9.950243793400943559e-01
9.955171205909607579e-01 9.919221305474650308e-01 9.899270614683786107e-01 9.899270614683786107e-01 9.919221305474650308e-01 9.955171205909607579e-01
9.959610652737325154e-01 9.927220910296696843e-01 9.909245960079218207e-01 9.909245960079218207e-01 9.927220910296696843e-01 9.959610652737325154e-01
9.963610455148348422e-01 9.934428306408271681e-01 9.918233435187957525e-01 9.918233435187957525e-01 9.934428306408271681e-01 9.963610455148348422e-01
9.967214153204135840e-01 9.940921945168152973e-01 9.926330870798114603e-01 9.926330870798114603e-01 9.940921945168152973e-01 9.967214153204135840e-01
9.970460972584076487e-01 9.946772512001125222e-01 9.933626407983133788e-01 9.933626407983133788e-01 9.946772512001125222e-01 9.970460972584076487e-01
9.973386256000562611e-01 9.952043690283605137e-01 9.940199459992129505e-01 9.940199459992129505e-01 9.952043690283605137e-01 9.973386256000562611e-01
9.976021845141802569e-01 9.956792857996346058e-01 9.946121575137867321e-01 9.946121575137867321e-01 9.956792857996346058e-01 9.976021845141802569e-01
9.978396428998173029e-01 9.961071710139834945e-01 9.951457216567106689e-01 9.951457216567106689e-01 9.961071710139834945e-01 9.978396428998173029e-01
9.980535855069917472e-01 9.964926822782640414e-01 9.956264463353470262e-01 9.956264463353470262e-01 9.964926822782640414e-01 9.980535855069917472e-01
9.982463411391320207e-01 9.968400159211694422e-01 9.960595643068055338e-01 9.960595643068055338e-01 9.968400159211694422e-01 9.982463411391320207e-01
9.984200079605847211e-01 9.971529527229687773e-01 9.964497901139874880e-01 9.964497901139874880e-01 9.971529527229687773e-01 9.984200079605847211e-01
9.985764763614843886e-01 9.974348990372861046e-01 9.968013714184781326e-01 9.968013714184781326e-01 9.974348990372861046e-01 9.985764763614843886e-01
9.987174495186430523e-01 9.976889238899813162e-01 9.971181352278821741e-01 9.971181352278821741e-01 9.976889238899813162e-01 9.987174495186430523e-01
9.988444619449906581e-01 9.979177923732626132e-01 9.974035295589317451e-01 9.974035295589317451e-01 9.979177923732626132e-01 9.988444619449906581e-01
9.989588961866313621e-01 9.981239957519612016e-01 9.976606609660971792e-01 9.976606609660971792e-01 9.981239957519612016e-01 9.989588961866313621e-01
9.990619978759806008e-01 9.983097785763642706e-01 9.978923283590291904e-01 9.978923283590291904e-01 9.983097785763642706e-01 9.990619978759806008e-01
9.991548892881820798e-01 9.984771631175048956e-01 9.981010534676967305e-01 9.981010534676967305e-01 9.984771631175048956e-01 9.991548892881820798e-01
9.992385815587524478e-01 9.986279713779393497e-01 9.982891082926008686e-01 9.982891082926008686e-01 9.986279713779393497e-01 9.992385815587524478e-01
9.993139856889696748e-01 9.987638449256766027e-01 9.984585398352701091e-01 9.984585398352701091e-01 9.987638449256766027e-01 9.993139856889696748e-01
9.993819224628383013e-01 9.988862627621198920e-01 9.986111923804733559e-01 9.986111923804733559e-01 9.988862627621198920e-01 9.993819224628383013e-01
9.994431313810598905e-01 9.989965574216558286e-01 9.987487275712966239e-01 9.987487275712966239e-01 9.989965574216558286e-01 9.994431313810598905e-01
9.994982787108279698e-01 9.990959294761783127e-01 9.988726424964762263e-01 9.988726424964762263e-01 9.990959294761783127e-01 9.994982787108279698e-01
9.995479647380891564e-01 9.991854606036520980e-01 9.989842859863272695e-01 9.989842859863272695e-01 9.991854606036520980e-01 9.995479647380891564e-01
9.995927303018260490e-01 9.992661253622081574e-01 9.990848732949897393e-01 9.990848732949897393e-01 9.992661253622081574e-01 9.995927303018260490e-01
9.996330626811040787e-01 9.993388017984079497e-01 9.991754993285989483e-01 9.991754993285989483e-01 9.993388017984079497e-01 9.996330626811040787e-01
9.996694008992039748e-01 9.994042810048515690e-01 9.992571505635035045e-01 9.992571505635035045e-01 9.994042810048515690e-01 9.996694008992039748e-01
9.997021405024257845e-01 9.994632757313537397e-01 9.993307157841775368e-01 9.993307157841775368e-01 9.994632757313537397e-01 9.997021405024257845e-01
9.997316378656768698e-01 9.995164281433016606e-01 9.993969957577656382e-01 9.993969957577656382e-01 9.995164281433016606e-01 9.997316378656768698e-01
9.997582140716507748e-01 9.995643168117211985e-01 9.994567119505336494e-01 9.994567119505336494e-01 9.995643168117211985e-01 9.997582140716507748e-01
9.997821584058605993e-01 9.996074630110922676e-01 9.995105143811273685e-01 9.995105143811273685e-01 9.996074630110922676e-01 9.997821584058605993e-01
9.998037315055461338e-01 9.996463363934939839e-01 9.995589886961098181e-01 9.995589886961098181e-01 9.996463363934939839e-01 9.998037315055461338e-01
9.998231681967469919e-01 9.996813601008279759e-01 9.996026625448019010e-01 9.996026625448019010e-01 9.996813601008279759e-01 9.998231681967469919e-01
9.998406800504140435e-01 9.997129153707744464e-01 9.996420113228149384e-01 9.996420113228149384e-01 9.997129153707744464e-01 9.998406800504140435e-01
9.998564576853872232e-01 9.997413456866144355e-01 9.996774633467946369e-01 9.996774633467946369e-01 9.997413456866144355e-01 9.998564576853872232e-01
9.998706728433072177e-01 9.997669605160909301e-01 9.997094045167045362e-01 9.997094045167045362e-01 9.997669605160909301e-01 9.998706728433072177e-01
9.998834802580454095e-01 9.997900386800058214e-01 9.997381825163977886e-01 9.997381825163977886e-01 9.997900386800058214e-01 9.998834802580454095e-01
9.998950193400029107e-01 9.998108313872215991e-01 9.997641105982018050e-01 9.997641105982018050e-01 9.998108313872215991e-01 9.998950193400029107e-01
9.999054156936107995e-01 9.998295649691023579e-01 9.997874709927117021e-01 9.997874709927117021e-01 9.998295649691023579e-01 9.999054156936107995e-01
9.999147824845511234e-01 9.998464433431613063e-01 9.998085179809070855e-01 9.998085179809070855e-01 9.998464433431613063e-01 9.999147824845511234e-01
9.999232216715806532e-01 9.998616502327291045e-01 9.998274806620341959e-01 9.998274806620341959e-01 9.998616502327291045e-01 9.999232216715806532e-01
9.999308251163645522e-01 9.998753511668074800e-01 9.998445654473816502e-01 9.998445654473816502e-01 9.998753511668074800e-01 9.999308251163645522e-01
9.999376755834037400e-01 9.998876952818731567e-01 9.998599583070946206e-01 9.998599583070946206e-01 9.998876952818731567e-01 9.999376755834037400e-01
9.999438476409365784e-01 9.998988169452491803e-01 9.998738267944838887e-01 9.998738267944838887e-01 9.998988169452491803e-01 9.999438476409365784e-01
9.999494084726245902e-01 9.999088372177102890e-01 9.998863218698665900e-01 9.998863218698665900e-01 9.999088372177102890e-01 9.999494084726245902e-01
9.999544186088551445e-01 9.999178651712455901e-01 9.998975795437884395e-01 9.998975795437884395e-01 9.999178651712455901e-01 9.999544186088551445e-01
9.999589325856228506e-01 9.999259990763218475e-01 9.999077223575170148e-01 9.999077223575170148e-01 9.999259990763218475e-01 9.999589325856228506e-01
9.999629995381609238e-01 9.999333274715699327e-01 9.999168607169194312e-01 9.999168607169194312e-01 9.999333274715699327e-01 9.999629995381609238e-01
9.999666637357849108e-01 9.999399301275402330e-01 9.999250940942446819e-01 9.999250940942446819e-01 9.999399301275402330e-01 9.999666637357849108e-01
9.999699650637701165e-01 9.999458789150148519e-01 9.999325121108924019e-01 9.999325121108924019e-01 9.999458789150148519e-01 9.999699650637701165e-01
9.999729394575074259e-01 9.999512385873312592e-01 9.999391955129536269e-01 9.999391955129536269e-01 9.999512385873312592e-01 9.999729394575074259e-01
9.999756192936656296e-01 9.999560674852305819e-01 9.999452170501423875e-01 9.999452170501423875e-01 9.999560674852305819e-01 9.999756192936656296e-01
9.999780337426152910e-01 9.999604181719039531e-01 9.999506422676864847e-01 9.999506422676864847e-01 9.999604181719039531e-01 9.999780337426152910e-01
9.999802090859519765e-01 9.999643380051508323e-01 9.999555302197952189e-01 9.999555302197952189e-01 9.999643380051508323e-01 9.999802090859519765e-01
9.999821690025754162e-01 9.999678696528735422e-01 9.999599341124729701e-01 9.999599341124729701e-01 9.999678696528735422e-01 9.999821690025754162e-01
9.999839348264367711e-01 9.999710515575241931e-01 9.999639018826732562e-01 9.999639018826732562e-01 9.999710515575241931e-01 9.999839348264367711e-01
9.999855257787620966e-01 9.999739183545550691e-01 9.999674767200987802e-01 9.999674767200987802e-01 9.999739183545550691e-01 9.999855257787620966e-01
9.999869591772775346e-01 9.999765012494303829e-01 9.999706975373269247e-01 9.999706975373269247e-01 9.999765012494303829e-01 9.999869591772775346e-01
9.999882506247151914e-01 9.999788283573022296e-01 9.999735993933787093e-01 9.999735993933787093e-01 9.999788283573022296e-01 9.999882506247151914e-01
9.999894141786511703e-01 9.999809250090470059e-01 9.999762138753405250e-01 9.999762138753405250e-01 9.999809250090470059e-01 9.999894141786511703e-01
9.999904625045235029e-01 9.999828140269958476e-01 9.999785694421937654e-01 9.999785694421937654e-01 9.999828140269958476e-01 9.999904625045235029e-01
9.999914070134978683e-01 9.999845159733586897e-01 9.999806917345948065e-01 9.999806917345948065e-01 9.999845159733586897e-01 9.999914070134978683e-01
9.999922579866793448e-01 9.999860493740463374e-01 9.999826038539767481e-01 9.999826038539767481e-01 9.999860493740463374e-01 9.999922579866793448e-01
9.999930246870232242e-01 9.999874309203280465e-01 9.999843266140115983e-01 9.999843266140115983e-01 9.999874309203280465e-01 9.999930246870232242e-01
9.999937154601640232e-01 9.999886756505174112e-01 9.999858787671698224e-01 9.999858787671698224e-01 9.999886756505174112e-01 9.999937154601640232e-01
9.999943378252587056e-01 9.999897971136668673e-01 9.999872772088436168e-01 9.999872772088436168e-01 9.999897971136668673e-01 9.999943378252587056e-01
9.999948985568334336e-01 9.999908075170511612e-01 9.999885371612552420e-01 9.999885371612552420e-01 9.999908075170511612e-01 9.999948985568334336e-01
9.999954037585255806e-01 9.999917178590442823e-01 9.999896723391532571e-01 9.999896723391532571e-01 9.999917178590442823e-01 9.999954037585255806e-01
9.999958589295221412e-01 9.999925380488394744e-01 9.999906950990987697e-01 9.999906950990987697e-01 9.999925380488394744e-01 9.999958589295221412e-01
9.999962690244197372e-01 9.999932770143105110e-01 9.999916165739690666e-01 9.999916165739690666e-01 9.999932770143105110e-01 9.999962690244197372e-01
9.999966385071552555e-01 9.999939427991944019e-01 9.999924467941397888e-01 9.999924467941397888e-01 9.999939427991944019e-01 9.999966385071552555e-01
9.999969713995972009e-01 9.999945426506475776e-01 9.999931947966671508e-01 9.999931947966671508e-01 9.999945426506475776e-01 9.999969713995972009e-01
9.999972713253237888e-01 9.999950830981321204e-01 9.999938687236573642e-01 9.999938687236573642e-01 9.999950830981321204e-01 9.999972713253237888e-01
9.999975415490660602e-01 9.999955700244905765e-01 9.999944759108947423e-01 9.999944759108947423e-01 9.999955700244905765e-01 9.999975415490660602e-01
9.999977850122452327e-01 9.999960087299804012e-01 9.999950229676926039e-01 9.999950229676926039e-01 9.999960087299804012e-01 9.999977850122452327e-01
9.999980043649902006e-01 9.999964039899689183e-01 9.999955158488365026e-01 9.999955158488365026e-01 9.999964039899689183e-01 9.999980043649902006e-01
9.999982019949844592e-01 9.999967601069132961e-01 9.999959599194027104e-01 9.999959599194027104e-01 9.999967601069132961e-01 9.999982019949844592e-01
9.999983800534566480e-01 9.999970809571936403e-01 9.999963600131580588e-01 9.999963600131580588e-01 9.999970809571936403e-01 9.999983800534566480e-01
9.999985404785968202e-01 9.999973700333073534e-01 9.999967204851758495e-01 9.999967204851758495e-01 9.999973700333073534e-01 9.999985404785968202e-01
9.999986850166536767e-01 9.999976304818862793e-01 9.999970452592416015e-01 9.999970452592416015e-01 9.999976304818862793e-01 9.999986850166536767e-01
9.999988152409431397e-01 9.999978651379476391e-01 9.999973378705639959e-01 9.999973378705639959e-01 9.999978651379476391e-01 9.999988152409431397e-01
9.999989325689737640e-01 9.999980765557535678e-01 9.999976015042557620e-01 9.999976015042557620e-01 9.999980765557535678e-01 9.999989325689737640e-01
9.999990382778767284e-01 9.999982670366147630e-01 9.999978390300046094e-01 9.999978390300046094e-01 9.999982670366147630e-01 9.999990382778767284e-01
9.999991335183073815e-01 9.999984386539406689e-01 9.999980530333096862e-01 9.999980530333096862e-01 9.999984386539406689e-01 9.999991335183073815e-01
9.999992193269703344e-01 9.999985932758085339e-01 9.999982458436251775e-01 9.999982458436251775e-01 9.999985932758085339e-01 9.999992193269703344e-01
9.999992966379043224e-01 9.999987325852977005e-01 9.999984195597169112e-01 9.999984195597169112e-01 9.999987325852977005e-01 9.999992966379043224e-01
9.999993662926488502e-01 9.999988580988106168e-01 9.999985760725073058e-01 9.999985760725073058e-01 9.999988580988106168e-01 9.999993662926488502e-01
9.999994290494053084e-01 9.999989711825780780e-01 9.999987170856590168e-01 9.999987170856590168e-01 9.999989711825780780e-01 9.999994290494053084e-01
9.999994855912890390e-01 9.999990730675321071e-01 9.999988441341185474e-01 9.999988441341185474e-01 9.999990730675321071e-01 9.999994855912890390e-01
9.999995365337660536e-01 9.999991648627037932e-01 9.999989586008253273e-01 9.999989586008253273e-01 9.999991648627037932e-01 9.999995365337660536e-01
9.999995824313518966e-01 9.999992475672956349e-01 9.999990617317645603e-01 9.999990617317645603e-01 9.999992475672956349e-01 9.999995824313518966e-01
9.999996237836478175e-01 9.999993220815581729e-01 9.999991546495301531e-01 9.999991546495301531e-01 9.999993220815581729e-01 9.999996237836478175e-01
9.999996610407790865e-01 9.999993892165890408e-01 9.999992383655441630e-01 9.999992383655441630e-01 9.999993892165890408e-01 9.999996610407790865e-01
9.999996946082945204e-01 9.999994497031616802e-01 9.999993137910665464e-01 9.999993137910665464e-01 9.999994497031616802e-01 9.999996946082945204e-01
9.999997248515808401e-01 9.999995041996805334e-01 9.999993817471141133e-01 9.999993817471141133e-01 9.999995041996805334e-01 9.999997248515808401e-01
9.999997520998402667e-01 9.999995532993475322e-01 9.999994429733973789e-01 9.999994429733973789e-01 9.999995532993475322e-01 9.999997520998402667e-01
9.999997766496737661e-01 9.999995975366188228e-01 9.999994981363724555e-01 9.999994981363724555e-01 9.999995975366188228e-01 9.999997766496737661e-01
9.999997987683093559e-01 9.999996373930231108e-01 9.999995478364955837e-01 9.999995478364955837e-01 9.999996373930231108e-01 9.999997987683093559e-01
9.999998186965115554e-01 9.999996733024024698e-01 9.999995926147593472e-01 9.999995926147593472e-01 9.999996733024024698e-01 9.999998186965115554e-01
9.999998366512012904e-01 9.999997056556354513e-01 9.999996329585809640e-01 9.999996329585809640e-01 9.999997056556354513e-01 9.999998366512012904e-01
9.999998528278177812e-01 9.999997348048911272e-01 9.999996693071082632e-01 9.999996693071082632e-01 9.999997348048911272e-01 9.999998528278177812e-01
9.999998674024455081e-01 9.999997610674630222e-01 9.999997020559996397e-01 9.999997020559996397e-01 9.999997610674630222e-01 9.999998674024455081e-01
9.999998805337315666e-01 9.999997847292225739e-01 9.999997315617312754e-01 9.999997315617312754e-01 9.999997847292225739e-01 9.999998805337315666e-01
9.999998923646112869e-01 9.999998060477314210e-01 9.999997581454769247e-01 9.999997581454769247e-01 9.999998060477314210e-01 9.999998923646112869e-01
9.999999030238657660e-01 9.999998252550441613e-01 9.999997820966042283e-01 9.999997820966042283e-01 9.999998252550441613e-01 9.999999030238657660e-01
9.999999126275220807e-01 9.999998425602349972e-01 9.999998036758241948e-01 9.999998036758241948e-01 9.999998425602349972e-01 9.999999126275220807e-01
9.999999212801174986e-01 9.999998581516731377e-01 9.999998231180295960e-01 9.999998231180295960e-01 9.999998581516731377e-01 9.999999212801174986e-01
9.999999290758365689e-01 9.999998721990734918e-01 9.999998406348513669e-01 9.999998406348513669e-01 9.999998721990734918e-01 9.999999290758365689e-01
9.999999360995367459e-01 9.999998848553439679e-01 9.999998564169624293e-01 9.999998564169624293e-01 9.999998848553439679e-01 9.999999360995367459e-01
9.999999424276719839e-01 9.999998962582495876e-01 9.999998706361532541e-01 9.999998706361532541e-01 9.999998962582495876e-01 9.999999424276719839e-01
9.999999481291248493e-01 9.999999065319126190e-01 9.999998834472014764e-01 9.999998834472014764e-01 9.999999065319126190e-01 9.999999481291248493e-01
9.999999532659562540e-01 9.999999157881631628e-01 9.999998949895569922e-01 9.999998949895569922e-01 9.999999157881631628e-01 9.999999532659562540e-01
9.999999578940815814e-01 9.999999241277566231e-01 9.999999053888600775e-01 9.999999053888600775e-01 9.999999241277566231e-01 9.999999578940815814e-01
9.999999620638783115e-01 9.999999316414708295e-01 9.999999147583082948e-01 9.999999147583082948e-01 9.999999316414708295e-01 9.999999620638783115e-01
9.999999658207354702e-01 9.999999384110933587e-01 9.999999231998895066e-01 9.999999231998895066e-01 9.999999384110933587e-01 9.999999658207354702e-01
9.999999692055466793e-01 9.999999445103124884e-01 9.999999308054914327e-01 9.999999308054914327e-01 9.999999445103124884e-01 9.999999692055466793e-01
9.999999722551562442e-01 9.999999500055190005e-01 9.999999376579019605e-01 9.999999376579019605e-01 9.999999500055190005e-01 9.999999722551562442e-01
9.999999750027595002e-01 9.999999549565290469e-01 9.999999438317104250e-01 9.999999438317104250e-01 9.999999549565290469e-01 9.999999750027595002e-01
9.999999774782645234e-01 9.999999594172349626e-01 9.999999493941197359e-01 9.999999493941197359e-01 9.999999594172349626e-01 9.999999774782645234e-01
9.999999797086174258e-01 9.999999634361921297e-01 9.999999544056773493e-01 9.999999544056773493e-01 9.999999634361921297e-01 9.999999797086174258e-01
