0.000000000000000000e+00 0.000000000000000000e+00 0.000000000000000000e+00 0.000000000000000000e+00 0.000000000000000000e+00 0.000000000000000000e+00
5.000000000000000000e-01 0.000000000000000000e+00 0.000000000000000000e+00 0.000000000000000000e+00 0.000000000000000000e+00 5.000000000000000000e-01
5.000000000000000000e-01 2.500000000000000000e-01 0.000000000000000000e+00 0.000000000000000000e+00 2.500000000000000000e-01 5.000000000000000000e-01
6.250000000000000000e-01 2.500000000000000000e-01 1.250000000000000000e-01 1.250000000000000000e-01 2.500000000000000000e-01 6.250000000000000000e-01
6.250000000000000000e-01 3.750000000000000000e-01 1.875000000000000000e-01 1.875000000000000000e-01 3.750000000000000000e-01 6.250000000000000000e-01
6.875000000000000000e-01 4.062500000000000000e-01 2.812500000000000000e-01 2.812500000000000000e-01 4.062500000000000000e-01 6.875000000000000000e-01
7.031250000000000000e-01 4.843750000000000000e-01 3.437500000000000000e-01 3.437500000000000000e-01 4.843750000000000000e-01 7.031250000000000000e-01
7.421875000000000000e-01 5.234375000000000000e-01 4.140625000000000000e-01 4.140625000000000000e-01 5.234375000000000000e-01 7.421875000000000000e-01
7.617187500000000000e-01 5.781250000000000000e-01 4.687500000000000000e-01 4.687500000000000000e-01 5.781250000000000000e-01 7.617187500000000000e-01
7.890625000000000000e-01 6.152343750000000000e-01 5.234375000000000000e-01 5.234375000000000000e-01 6.152343750000000000e-01 7.890625000000000000e-01
7.891559612630961729e-01 6.150260134720080263e-01 5.257982282318952594e-01 5.257982282318952594e-01 6.150260134720080263e-01 7.891559612630961729e-01
8.075130067360040131e-01 6.574770947474957161e-01 5.704121208519516983e-01 5.704121208519516983e-01 6.574770947474957161e-01 8.075130067360040131e-01
8.287385473737478581e-01 6.889625637939778002e-01 6.139446077997237072e-01 6.139446077997237072e-01 6.889625637939778002e-01 8.287385473737478581e-01
8.444812818969889001e-01 7.213415775867357826e-01 6.514535857968507537e-01 6.514535857968507537e-01 7.213415775867357826e-01 8.444812818969889001e-01
8.606707887933678913e-01 7.479674338469197714e-01 6.863975816917933237e-01 6.863975816917933237e-01 7.479674338469197714e-01 8.606707887933678913e-01
8.739837169234598857e-01 7.735341852425805520e-01 7.171825077693565476e-01 7.171825077693565476e-01 7.735341852425805520e-01 8.739837169234598857e-01
8.867670926212902760e-01 7.955831123464082166e-01 7.453583465059685498e-01 7.453583465059685498e-01 7.955831123464082166e-01 8.867670926212902760e-01
8.977915561732041638e-01 8.160627195636294129e-01 7.704707294261883277e-01 7.704707294261883277e-01 8.160627195636294129e-01 8.977915561732041638e-01
9.080313597818147064e-01 8.341311427996962458e-01 7.932667244949088703e-01 7.932667244949088703e-01 8.341311427996962458e-01 9.080313597818147064e-01
9.170655713998481229e-01 8.506490421383617884e-01 8.136989336473026135e-01 8.136989336473026135e-01 8.506490421383617884e-01 9.170655713998481229e-01
9.455404078984732674e-01 8.913093404664345076e-01 8.753831015638947610e-01 8.753831015638947610e-01 8.913093404664345076e-01 9.455404078984732674e-01
9.456546702332172538e-01 9.104617547311839587e-01 8.833462210151645788e-01 8.833462210151645788e-01 9.104617547311839587e-01 9.456546702332172538e-01
9.552308773655919794e-01 9.145004456241909718e-01 8.969039878731742688e-01 8.969039878731742688e-01 9.145004456241909718e-01 9.552308773655919794e-01
9.572502228120954859e-01 9.260674326193831796e-01 9.057022167486825648e-01 9.057022167486825648e-01 9.260674326193831796e-01 9.572502228120954859e-01
9.630337163096915898e-01 9.314762197803889698e-01 9.158848246840328722e-01 9.158848246840328722e-01 9.314762197803889698e-01 9.630337163096915898e-01
9.657381098901944849e-01 9.394592704968622865e-01 9.236805222322108655e-01 9.236805222322108655e-01 9.394592704968622865e-01 9.657381098901944849e-01
9.697296352484311432e-01 9.447093160612026752e-01 9.315698963645365760e-01 9.315698963645365760e-01 9.447093160612026752e-01 9.697296352484311432e-01
9.723546580306012821e-01 9.506497658064838596e-01 9.381396062128696256e-01 9.381396062128696256e-01 9.506497658064838596e-01 9.723546580306012821e-01
9.753248829032419298e-01 9.552471321217355094e-01 9.443946860096767981e-01 9.443946860096767981e-01 9.552471321217355094e-01 9.753248829032419298e-01
9.776235660608677547e-01 9.598597844564593640e-01 9.498209090657061537e-01 9.498209090657061537e-01 9.598597844564593640e-01 9.776235660608677547e-01
9.781860249254430428e-01 9.600904962493950201e-01 9.511687941529871626e-01 9.511687941529871626e-01 9.600904962493950201e-01 9.781860249254430428e-01
9.800452481246975101e-01 9.646774095392151027e-01 9.556296452011910914e-01 9.556296452011910914e-01 9.646774095392151027e-01 9.800452481246975101e-01
9.823387047696074958e-01 9.678374466629442452e-01 9.601535273702030970e-01 9.601535273702030970e-01 9.678374466629442452e-01 9.823387047696074958e-01
9.839187233314721226e-01 9.712461160699052964e-01 9.639954870165736711e-01 9.639954870165736711e-01 9.712461160699052964e-01 9.839187233314721226e-01
9.856230580349526482e-01 9.739571051740228969e-01 9.676208015432394838e-01 9.676208015432394838e-01 9.739571051740228969e-01 9.856230580349526482e-01
9.869785525870113929e-01 9.766219297890961215e-01 9.707889533586311348e-01 9.707889533586311348e-01 9.766219297890961215e-01 9.869785525870113929e-01
9.883109648945480608e-01 9.788837529728212639e-01 9.737054415738636282e-01 9.737054415738636282e-01 9.788837529728212639e-01 9.883109648945480608e-01
9.894418764864105764e-01 9.810082032342057889e-01 9.762945972733424460e-01 9.762945972733424460e-01 9.810082032342057889e-01 9.894418764864105764e-01
9.905041016171028945e-01 9.828682368798764557e-01 9.786514002537740620e-01 9.786514002537740620e-01 9.828682368798764557e-01 9.905041016171028945e-01
9.914341184399382279e-01 9.845777509354385337e-01 9.807598185668252588e-01 9.807598185668252588e-01 9.845777509354385337e-01 9.914341184399382279e-01
9.932815228346575376e-01 9.870923721767053127e-01 9.849788071719245419e-01 9.849788071719245419e-01 9.870923721767053127e-01 9.932815228346575376e-01
9.935461860883526564e-01 9.891301650032910953e-01 9.860355896743149273e-01 9.860355896743149273e-01 9.891301650032910953e-01 9.935461860883526564e-01
9.945650825016455476e-01 9.897908878813337363e-01 9.875828773388030113e-01 9.875828773388030113e-01 9.897908878813337363e-01 9.945650825016455476e-01
9.948954439406668682e-01 9.910739799202242795e-01 9.886868826100683183e-01 9.886868826100683183e-01 9.910739799202242795e-01 9.948954439406668682e-01
9.955369899601120842e-01 9.917911632753675377e-01 9.898804312651463544e-01 9.898804312651463544e-01 9.917911632753675377e-01 9.955369899601120842e-01
9.958955816376837689e-01 9.927087106126292193e-01 9.908357972702569461e-01 9.908357972702569461e-01 9.927087106126292193e-01 9.958955816376837689e-01
9.963543553063145541e-01 9.933656894539704130e-01 9.917722539414430827e-01 9.917722539414430827e-01 9.933656894539704130e-01 9.963543553063145541e-01
9.966828447269852065e-01 9.940633046238788184e-01 9.925689716977067478e-01 9.925689716977067478e-01 9.940633046238788184e-01 9.966828447269852065e-01
9.970316523119393537e-01 9.946259082123459772e-01 9.933161381607927831e-01 9.933161381607927831e-01 9.946259082123459772e-01 9.970316523119393537e-01
9.973129541061729331e-01 9.951738952363660129e-01 9.939710231865693801e-01 9.939710231865693801e-01 9.951738952363660129e-01 9.973129541061729331e-01
9.973978939828733736e-01 9.952279603812039799e-01 9.941891139981191561e-01 9.941891139981191561e-01 9.952279603812039799e-01 9.973978939828733736e-01
9.976139801906019899e-01 9.957935039904962649e-01 9.947085371896615680e-01 9.947085371896615680e-01 9.957935039904962649e-01 9.976139801906019899e-01
9.978967519952481879e-01 9.961612586901318345e-01 9.952510205900788609e-01 9.952510205900788609e-01 9.961612586901318345e-01 9.978967519952481879e-01
9.980806293450659172e-01 9.965738862926635244e-01 9.957061396401053477e-01 9.957061396401053477e-01 9.965738862926635244e-01 9.980806293450659172e-01
9.982869431463317067e-01 9.968933844925855770e-01 9.961400129663844361e-01 9.961400129663844361e-01 9.968933844925855770e-01 9.982869431463317067e-01
9.984466922462927885e-01 9.972134780563580714e-01 9.965166987294850065e-01 9.965166987294850065e-01 9.972134780563580714e-01 9.984466922462927885e-01
9.986067390281789802e-01 9.974816954878888975e-01 9.968650883929215389e-01 9.968650883929215389e-01 9.974816954878888975e-01 9.986067390281789802e-01
9.987408477439444487e-01 9.977359137105502596e-01 9.971733919404052182e-01 9.971733919404052182e-01 9.977359137105502596e-01 9.987408477439444487e-01
9.988679568552751853e-01 9.979571198421748335e-01 9.974546528254777389e-01 9.974546528254777389e-01 9.979571198421748335e-01 9.988679568552751853e-01
9.989785599210874167e-01 9.981613048403764621e-01 9.977058863338262862e-01 9.977058863338262862e-01 9.981613048403764621e-01 9.989785599210874167e-01
9.991407491309676203e-01 9.983718495514958269e-01 9.980864174763044439e-01 9.980864174763044439e-01 9.983718495514958269e-01 9.991407491309676203e-01
9.991859247757479690e-01 9.986135833036360321e-01 9.982291335139001909e-01 9.982291335139001909e-01 9.986135833036360321e-01 9.991859247757479690e-01
9.993067916518180160e-01 9.987075291448240799e-01 9.984213584087681115e-01 9.984213584087681115e-01 9.987075291448240799e-01 9.993067916518180160e-01
9.993537645724119844e-01 9.988640750302930638e-01 9.985644437767960957e-01 9.985644437767960957e-01 9.988640750302930638e-01 9.993537645724119844e-01
9.994320375151465319e-01 9.989591041746039846e-01 9.987142594035445242e-01 9.987142594035445242e-01 9.989591041746039846e-01 9.994320375151465319e-01
9.994795520873019923e-01 9.990731484593455836e-01 9.988366817890742544e-01 9.988366817890742544e-01 9.990731484593455836e-01 9.994795520873019923e-01
9.995365742296727918e-01 9.991581169381881233e-01 9.989549151242098635e-01 9.989549151242098635e-01 9.991581169381881233e-01 9.995365742296727918e-01
9.995790584690940062e-01 9.992457446769413831e-01 9.990565160311990489e-01 9.990565160311990489e-01 9.992457446769413831e-01 9.995790584690940062e-01
9.996228723384706916e-01 9.993177872501465275e-01 9.991511303540702160e-01 9.991511303540702160e-01 9.993177872501465275e-01 9.996228723384706916e-01
9.996588936250732083e-01 9.993870013462704538e-01 9.992344588021083718e-01 9.992344588021083718e-01 9.993870013462704538e-01 9.996588936250732083e-01
9.996722358929102104e-01 9.993972622548034090e-01 9.992685225408702854e-01 9.992685225408702854e-01 9.993972622548034090e-01 9.996722358929102104e-01
9.996986311274016490e-01 9.994703792168901924e-01 9.993328923978368472e-01 9.993328923978368472e-01 9.994703792168901924e-01 9.996986311274016490e-01
9.997351896084450962e-01 9.995157617626192481e-01 9.994016358073635198e-01 9.994016358073635198e-01 9.995157617626192481e-01 9.997351896084450962e-01
9.997578808813096796e-01 9.995684127079043080e-01 9.994586987849913839e-01 9.994586987849913839e-01 9.995684127079043080e-01 9.997578808813096796e-01
9.997842063539521540e-01 9.996082898331505318e-01 9.995135557464478460e-01 9.995135557464478460e-01 9.996082898331505318e-01 9.997842063539521540e-01
9.998041449165753214e-01 9.996488810502000000e-01 9.995609227897992444e-01 9.995609227897992444e-01 9.996488810502000000e-01 9.998041449165753214e-01
9.998244405251000000e-01 9.996825338531872829e-01 9.996049019199996222e-01 9.996049019199996222e-01 9.996825338531872829e-01 9.998244405251000000e-01
9.998412669265936970e-01 9.997146712225497556e-01 9.996437178865934525e-01 9.996437178865934525e-01 9.997146712225497556e-01 9.998412669265936970e-01
9.998573356112748778e-01 9.997424924065936302e-01 9.996791945545715485e-01 9.996791945545715485e-01 9.997424924065936302e-01 9.998573356112748778e-01
9.998712462032968151e-01 9.997682650829231576e-01 9.997108434805825894e-01 9.997108434805825894e-01 9.997682650829231576e-01 9.998712462032968151e-01
9.998878806383009188e-01 9.997888510613353041e-01 9.997501414595884039e-01 9.997501414595884039e-01 9.997888510613353041e-01 9.998878806383009188e-01
9.998944255306676521e-01 9.998190110489446614e-01 9.997694962604618540e-01 9.997694962604618540e-01 9.998190110489446614e-01 9.998944255306676521e-01
9.999095055244723307e-01 9.998319608955648086e-01 9.997942536547033132e-01 9.997942536547033132e-01 9.998319608955648086e-01 9.999095055244723307e-01
9.999159804477824043e-01 9.998518795895878775e-01 9.998131072751340609e-01 9.998131072751340609e-01 9.998518795895878775e-01 9.999159804477824043e-01
9.999259397947939387e-01 9.998645438614581771e-01 9.998324934323610247e-01 9.998324934323610247e-01 9.998645438614581771e-01 9.999259397947939387e-01
9.999322719307290885e-01 9.998792166135774817e-01 9.998485186469096009e-01 9.998485186469096009e-01 9.998792166135774817e-01 9.999322719307290885e-01
9.999396083067887409e-01 9.998903952888194002e-01 9.998638676302435968e-01 9.998638676302435968e-01 9.998903952888194002e-01 9.999396083067887409e-01
9.999451976444097001e-01 9.999017379685162243e-01 9.998771314595314985e-01 9.998771314595314985e-01 9.999017379685162243e-01 9.999451976444097001e-01
9.999508689842581122e-01 9.999111645519705993e-01 9.998894347140239169e-01 9.998894347140239169e-01 9.999111645519705993e-01 9.999508689842581122e-01
9.999555822759853552e-01 9.999201518491409590e-01 9.999002996329973136e-01 9.999002996329973136e-01 9.999201518491409590e-01 9.999555822759853552e-01
9.999576499510446359e-01 9.999218970805043849e-01 9.999054307812329512e-01 9.999054307812329512e-01 9.999218970805043849e-01 9.999576499510446359e-01
9.999609485402521925e-01 9.999315403661388491e-01 9.999136639308686680e-01 9.999136639308686680e-01 9.999315403661388491e-01 9.999609485402521925e-01
9.999657701830694245e-01 9.999373062355604302e-01 9.999226021485037030e-01 9.999226021485037030e-01 9.999373062355604302e-01 9.999657701830694245e-01
9.999686531177802706e-01 9.999441861657865083e-01 9.999299541920321222e-01 9.999299541920321222e-01 9.999441861657865083e-01 9.999686531177802706e-01
9.999720930828932541e-01 9.999493036549061964e-01 9.999370701789093152e-01 9.999370701789093152e-01 9.999493036549061964e-01 9.999720930828932541e-01
9.999746518274530427e-01 9.999545816309012292e-01 9.999431869169077558e-01 9.999431869169077558e-01 9.999545816309012292e-01 9.999746518274530427e-01
9.999772908154506146e-01 9.999589193721803992e-01 9.999488842739044925e-01 9.999488842739044925e-01 9.999589193721803992e-01 9.999772908154506146e-01
9.999794596860902551e-01 9.999630875446775535e-01 9.999539018230424459e-01 9.999539018230424459e-01 9.999630875446775535e-01 9.999794596860902551e-01
9.999815437723387213e-01 9.999666807545664060e-01 9.999584946838599997e-01 9.999584946838599997e-01 9.999666807545664060e-01 9.999815437723387213e-01
9.999833403772832030e-01 9.999700192280993605e-01 9.999625877192132029e-01 9.999625877192132029e-01 9.999700192280993605e-01 9.999833403772832030e-01
9.999852122765876539e-01 9.999722311412350129e-01 9.999669786116672787e-01 9.999669786116672787e-01 9.999722311412350129e-01 9.999852122765876539e-01
9.999861155706175619e-01 9.999760954441274663e-01 9.999696048764511458e-01 9.999696048764511458e-01 9.999760954441274663e-01 9.999861155706175619e-01
9.999880477220637331e-01 9.999778602235342984e-01 9.999728501602893616e-01 9.999728501602893616e-01 9.999778602235342984e-01 9.999880477220637331e-01
9.999889301117671492e-01 9.999804489411765474e-01 9.999753551919118300e-01 9.999753551919118300e-01 9.999804489411765474e-01 9.999889301117671492e-01
9.999902244705882737e-01 9.999821426518394896e-01 9.999779020665442442e-01 9.999779020665442442e-01 9.999821426518394896e-01 9.999902244705882737e-01
9.999910713259196893e-01 9.999840632685662589e-01 9.999800223591919224e-01 9.999800223591919224e-01 9.999840632685662589e-01 9.999910713259196893e-01
9.999920316342831850e-01 9.999855468425558058e-01 9.999820428138790351e-01 9.999820428138790351e-01 9.999855468425558058e-01 9.999920316342831850e-01
9.999927734212779029e-01 9.999870372240811101e-01 9.999837948282174205e-01 9.999837948282174205e-01 9.999870372240811101e-01 9.999927734212779029e-01
9.999935186120405550e-01 9.999882841247476062e-01 9.999854160261492098e-01 9.999854160261492098e-01 9.999882841247476062e-01 9.999935186120405550e-01
9.999941420623738031e-01 9.999894673190948824e-01 9.999868500754484080e-01 9.999868500754484080e-01 9.999894673190948824e-01 9.999941420623738031e-01
9.999978602736168121e-01 1.000002488502893527e+00 9.999997485313015799e-01 9.999997485313015799e-01 1.000002488502893527e+00 9.999978602736168121e-01
1.000001244251446764e+00 9.999988044024592515e-01 1.000001118517097609e+00 1.000001118517097609e+00 9.999988044024592515e-01 1.000001244251446764e+00
9.999994022012296258e-01 1.000001181384272186e+00 9.999999614597784303e-01 9.999999614597784303e-01 1.000001181384272186e+00 9.999994022012296258e-01
1.000000590692136093e+00 9.999996818305040280e-01 1.000000571422025253e+00 1.000000571422025253e+00 9.999996818305040280e-01 1.000000590692136093e+00
9.999998409152519585e-01 1.000000581057080673e+00 1.000000126626264585e+00 1.000000126626264585e+00 1.000000581057080673e+00 9.999998409152519585e-01
1.000000290528540337e+00 9.999999837707582717e-01 1.000000353841672629e+00 1.000000353841672629e+00 9.999999837707582717e-01 1.000000290528540337e+00
9.999999918853791359e-01 1.000000322185106594e+00 1.000000168806215450e+00 1.000000168806215450e+00 1.000000322185106594e+00 9.999999918853791359e-01
1.000000161092553297e+00 1.000000080345797349e+00 1.000000245495661133e+00 1.000000245495661133e+00 1.000000080345797349e+00 1.000000161092553297e+00
1.000000040172898785e+00 1.000000203294107326e+00 1.000000162920729352e+00 1.000000162920729352e+00 1.000000203294107326e+00 1.000000040172898785e+00
1.000000101647053663e+00 1.000000101546814069e+00 1.000000183107418339e+00 1.000000183107418339e+00 1.000000101546814069e+00 1.000000101647053663e+00
1.000000103280819230e+00 1.000000199237258691e+00 1.000000254088458718e+00 1.000000254088458718e+00 1.000000199237258691e+00 1.000000103280819230e+00
1.000000099618629346e+00 1.000000178684639085e+00 1.000000226662858704e+00 1.000000226662858704e+00 1.000000178684639085e+00 1.000000099618629346e+00
1.000000089342319542e+00 1.000000163140744025e+00 1.000000202673748895e+00 1.000000202673748895e+00 1.000000163140744025e+00 1.000000089342319542e+00
1.000000081570372013e+00 1.000000146008034108e+00 1.000000182907246460e+00 1.000000182907246460e+00 1.000000146008034108e+00 1.000000081570372013e+00
1.000000073004017054e+00 1.000000132238809236e+00 1.000000164457640395e+00 1.000000164457640395e+00 1.000000132238809236e+00 1.000000073004017054e+00
1.000000066119404618e+00 1.000000118730828724e+00 1.000000148348224815e+00 1.000000148348224815e+00 1.000000118730828724e+00 1.000000066119404618e+00
1.000000059365414362e+00 1.000000107233814717e+00 1.000000133539526770e+00 1.000000133539526770e+00 1.000000107233814717e+00 1.000000059365414362e+00
1.000000053616907358e+00 1.000000096452470455e+00 1.000000120386670854e+00 1.000000120386670854e+00 1.000000096452470455e+00 1.000000053616907358e+00
1.000000048226235227e+00 1.000000087001789106e+00 1.000000108419570655e+00 1.000000108419570655e+00 1.000000087001789106e+00 1.000000048226235227e+00
1.000000043500894442e+00 1.000000078322902830e+00 1.000000097710679992e+00 1.000000097710679992e+00 1.000000078322902830e+00 1.000000043500894442e+00
9.999999985873252450e-01 9.999999660542302493e-01 1.000000006817179266e+00 1.000000006817179266e+00 9.999999660542302493e-01 9.999999985873252450e-01
9.999999830271151247e-01 1.000000002702252200e+00 9.999999864357047574e-01 9.999999864357047574e-01 1.000000002702252200e+00 9.999999830271151247e-01
1.000000001351126100e+00 9.999999847314099410e-01 9.999999945689784786e-01 9.999999945689784786e-01 9.999999847314099410e-01 1.000000001351126100e+00
9.999999923657050260e-01 9.999999979600522337e-01 9.999999896501942098e-01 9.999999896501942098e-01 9.999999979600522337e-01 9.999999923657050260e-01
9.999999989800261169e-01 9.999999910079495624e-01 9.999999938051231663e-01 9.999999938051231663e-01 9.999999910079495624e-01 9.999999989800261169e-01
9.999999955039747812e-01 9.999999963925746416e-01 9.999999924065363643e-01 9.999999924065363643e-01 9.999999963925746416e-01 9.999999955039747812e-01
