0.000000000000000000e+00 0.000000000000000000e+00 0.000000000000000000e+00 0.000000000000000000e+00 0.000000000000000000e+00 0.000000000000000000e+00
5.000000000000000000e-01 0.000000000000000000e+00 0.000000000000000000e+00 0.000000000000000000e+00 0.000000000000000000e+00 5.000000000000000000e-01
5.000000000000000000e-01 2.500000000000000000e-01 0.000000000000000000e+00 0.000000000000000000e+00 2.500000000000000000e-01 5.000000000000000000e-01
6.250000000000000000e-01 2.500000000000000000e-01 1.250000000000000000e-01 1.250000000000000000e-01 2.500000000000000000e-01 6.250000000000000000e-01
6.250000000000000000e-01 3.750000000000000000e-01 1.875000000000000000e-01 1.875000000000000000e-01 3.750000000000000000e-01 6.250000000000000000e-01
6.875000000000000000e-01 4.062500000000000000e-01 2.812500000000000000e-01 2.812500000000000000e-01 4.062500000000000000e-01 6.875000000000000000e-01
7.031250000000000000e-01 4.843750000000000000e-01 3.437500000000000000e-01 3.437500000000000000e-01 4.843750000000000000e-01 7.031250000000000000e-01
7.421875000000000000e-01 5.234375000000000000e-01 4.140625000000000000e-01 4.140625000000000000e-01 5.234375000000000000e-01 7.421875000000000000e-01
7.617187500000000000e-01 5.781250000000000000e-01 4.687500000000000000e-01 4.687500000000000000e-01 5.781250000000000000e-01 7.617187500000000000e-01
7.890625000000000000e-01 6.152343750000000000e-01 5.234375000000000000e-01 5.234375000000000000e-01 6.152343750000000000e-01 7.890625000000000000e-01
7.109861004230181303e-01 7.892970548422656440e-01 -1.448686079545454586e+00 -1.448686079545454586e+00 7.892970548422656440e-01 7.109861004230181303e-01
8.946485274211328775e-01 -3.688499895612182278e-01 -3.296945123515944709e-01 -3.296945123515944709e-01 -3.688499895612182278e-01 8.946485274211328775e-01
3.155750052193908584e-01 2.824770075347692311e-01 -3.492722509564063493e-01 -3.492722509564063493e-01 2.824770075347692311e-01 3.155750052193908584e-01
6.412385037673846711e-01 -1.684862286850774549e-02 -3.339762171081855913e-02 -3.339762171081855913e-02 -1.684862286850774549e-02 6.412385037673846711e-01
4.915756885657461273e-01 3.039204410282830837e-01 -2.512312228966315231e-02 -2.512312228966315231e-02 3.039204410282830837e-01 4.915756885657461273e-01
6.519602205141414863e-01 2.332262831380415014e-01 1.393986593693099518e-01 1.393986593693099518e-01 2.332262831380415014e-01 6.519602205141414863e-01
6.166131415690208062e-01 3.956794399417257191e-01 1.863124712536757266e-01 1.863124712536757266e-01 3.956794399417257191e-01 6.166131415690208062e-01
6.978397199708628040e-01 4.014628064113482386e-01 2.909959555977007506e-01 2.909959555977007506e-01 4.014628064113482386e-01 6.978397199708628040e-01
7.007314032056741748e-01 4.944178377842817773e-01 3.462293810045244946e-01 3.462293810045244946e-01 4.944178377842817773e-01 7.007314032056741748e-01
7.472089188921409164e-01 5.234803921050993347e-01 4.203236093944031637e-01 4.203236093944031637e-01 5.234803921050993347e-01 7.472089188921409164e-01
6.388154243472246030e-01 2.567147558287299902e-01 2.216538296369512662e-01 2.216538296369512662e-01 2.567147558287299902e-01 6.388154243472246030e-01
6.283573779143649674e-01 4.302346269920879207e-01 2.391842927328406421e-01 2.391842927328406421e-01 4.302346269920879207e-01 6.283573779143649674e-01
7.151173134960440159e-01 4.337708353236028325e-01 3.347094598624642536e-01 3.347094598624642536e-01 4.337708353236028325e-01 7.151173134960440159e-01
7.168854176618013607e-01 5.249133866792541347e-01 3.842401475930335430e-01 3.842401475930335430e-01 5.249133866792541347e-01 7.168854176618013607e-01
7.624566933396270674e-01 5.505627826274174241e-01 4.545767671361438111e-01 4.545767671361438111e-01 5.505627826274174241e-01 7.624566933396270674e-01
7.752813913137086566e-01 6.085167302378854393e-01 5.025697748817805621e-01 5.025697748817805621e-01 6.085167302378854393e-01 7.752813913137086566e-01
8.042583651189427751e-01 6.389255830977446093e-01 5.555432525598329452e-01 5.555432525598329452e-01 6.389255830977446093e-01 8.042583651189427751e-01
8.194627915488723602e-01 6.799008088393878602e-01 5.972344178287887217e-01 5.972344178287887217e-01 6.799008088393878602e-01 8.194627915488723602e-01
8.399504044196939301e-01 7.083486046888305410e-01 6.385676133340882910e-01 6.385676133340882910e-01 7.083486046888305410e-01 8.399504044196939301e-01
8.541743023444152705e-01 7.392590088768911105e-01 6.734581090114594160e-01 6.734581090114594160e-01 7.392590088768911105e-01 8.541743023444152705e-01
9.492467522456361495e-01 7.482110070894677500e-01 1.548034160671137194e+00 1.548034160671137194e+00 7.482110070894677500e-01 9.492467522456361495e-01
8.741055035447338195e-01 1.248640456458386616e+00 1.148122583880302416e+00 1.148122583880302416e+00 1.248640456458386616e+00 8.741055035447338195e-01
1.124320228229193308e+00 1.011114043712518118e+00 1.198381520169344405e+00 1.198381520169344405e+00 1.011114043712518118e+00 1.124320228229193308e+00
1.005557021856259059e+00 1.161350874199268857e+00 1.104747781940931262e+00 1.104747781940931262e+00 1.161350874199268857e+00 1.005557021856259059e+00
1.080675437099634539e+00 1.055152401898595160e+00 1.133049328070100170e+00 1.133049328070100170e+00 1.055152401898595160e+00 1.080675437099634539e+00
1.027576200949297469e+00 1.106862382584867355e+00 1.094100864984347776e+00 1.094100864984347776e+00 1.106862382584867355e+00 1.027576200949297469e+00
1.053431191292433677e+00 1.060838532966822623e+00 1.100481623784607565e+00 1.100481623784607565e+00 1.060838532966822623e+00 1.053431191292433677e+00
1.030419266483411311e+00 1.076956407538520732e+00 1.080660078375715205e+00 1.080660078375715205e+00 1.076956407538520732e+00 1.030419266483411311e+00
1.038478203769260366e+00 1.055539672429563147e+00 1.078808242957117969e+00 1.078808242957117969e+00 1.055539672429563147e+00 1.038478203769260366e+00
1.027769836214781574e+00 1.058643223363189279e+00 1.067173957693340558e+00 1.067173957693340558e+00 1.058643223363189279e+00 1.027769836214781574e+00
1.028085849722107481e+00 1.081369795928771360e+00 1.104532146452196439e+00 1.104532146452196439e+00 1.081369795928771360e+00 1.028085849722107481e+00
1.040684897964385680e+00 1.066308998087151849e+00 1.092950971190483900e+00 1.092950971190483900e+00 1.066308998087151849e+00 1.040684897964385680e+00
1.033154499043575925e+00 1.066817934577434901e+00 1.079629984638817763e+00 1.079629984638817763e+00 1.066817934577434901e+00 1.033154499043575925e+00
1.033408967288717450e+00 1.056392241841196844e+00 1.073223959608126332e+00 1.073223959608126332e+00 1.056392241841196844e+00 1.033408967288717450e+00
1.028196120920598311e+00 1.053316463448422002e+00 1.064808100724661699e+00 1.064808100724661699e+00 1.053316463448422002e+00 1.028196120920598311e+00
1.026658231724211001e+00 1.046502110822630005e+00 1.059062282086541851e+00 1.059062282086541851e+00 1.046502110822630005e+00 1.026658231724211001e+00
1.023251055411315003e+00 1.042860256905376426e+00 1.052782196454586039e+00 1.052782196454586039e+00 1.042860256905376426e+00 1.023251055411315003e+00
1.021430128452688102e+00 1.038016625932950632e+00 1.047821226679981343e+00 1.047821226679981343e+00 1.038016625932950632e+00 1.021430128452688102e+00
1.019008312966475316e+00 1.034625677566334723e+00 1.042918926306465988e+00 1.042918926306465988e+00 1.034625677566334723e+00 1.019008312966475316e+00
1.017312838783167361e+00 1.030963619636470652e+00 1.038772301936400355e+00 1.038772301936400355e+00 1.030963619636470652e+00 1.017312838783167361e+00
1.022387479192330195e+00 1.022526299900670343e+00 1.015663847092253658e+00 1.015663847092253658e+00 1.022526299900670343e+00 1.022387479192330195e+00
1.011263149950335283e+00 1.019025663142291815e+00 1.019095073496461890e+00 1.019095073496461890e+00 1.019025663142291815e+00 1.011263149950335283e+00
1.009512831571145908e+00 1.015179111723398586e+00 1.019060368319376852e+00 1.019060368319376852e+00 1.015179111723398586e+00 1.009512831571145908e+00
1.007589555861699182e+00 1.014286599945261269e+00 1.017119740021387830e+00 1.017119740021387830e+00 1.014286599945261269e+00 1.007589555861699182e+00
1.007143299972630635e+00 1.012354647941543506e+00 1.015703169983324550e+00 1.015703169983324550e+00 1.012354647941543506e+00 1.007143299972630635e+00
1.006177323970771642e+00 1.011423234977977703e+00 1.014028908962433917e+00 1.014028908962433917e+00 1.011423234977977703e+00 1.006177323970771642e+00
1.005711617488988852e+00 1.010103116466602780e+00 1.012726071970205810e+00 1.012726071970205810e+00 1.010103116466602780e+00 1.005711617488988852e+00
1.005051558233301279e+00 1.009218844729597331e+00 1.011414594218404295e+00 1.011414594218404295e+00 1.009218844729597331e+00 1.005051558233301279e+00
1.004609422364798554e+00 1.008233076225852898e+00 1.010316719474000813e+00 1.010316719474000813e+00 1.008233076225852898e+00 1.004609422364798554e+00
1.004116538112926449e+00 1.007463070919399684e+00 1.009274897849926855e+00 1.009274897849926855e+00 1.007463070919399684e+00 1.004116538112926449e+00
1.005470399779766488e+00 1.005999943918664652e+00 1.032505077963033369e+00 1.032505077963033369e+00 1.005999943918664652e+00 1.005470399779766488e+00
1.002999971959332326e+00 1.018987738871399928e+00 1.019252510940849010e+00 1.019252510940849010e+00 1.018987738871399928e+00 1.002999971959332326e+00
1.009493869435699853e+00 1.011126241450090557e+00 1.019120124906124580e+00 1.019120124906124580e+00 1.011126241450090557e+00 1.009493869435699853e+00
1.005563120725045279e+00 1.014306997170912217e+00 1.015123183178107569e+00 1.015123183178107569e+00 1.014306997170912217e+00 1.005563120725045279e+00
1.007153498585456219e+00 1.010343151951576424e+00 1.014715090174509893e+00 1.014715090174509893e+00 1.010343151951576424e+00 1.007153498585456219e+00
1.005171575975788212e+00 1.010934294379983056e+00 1.012529121063043158e+00 1.012529121063043158e+00 1.010934294379983056e+00 1.005171575975788212e+00
1.005467147189991639e+00 1.008850348519415796e+00 1.011731707721513107e+00 1.011731707721513107e+00 1.008850348519415796e+00 1.005467147189991639e+00
1.004425174259707898e+00 1.008599427455752373e+00 1.010291028120464452e+00 1.010291028120464452e+00 1.008599427455752373e+00 1.004425174259707898e+00
1.004299713727876187e+00 1.007358101190086064e+00 1.009445227788108301e+00 1.009445227788108301e+00 1.007358101190086064e+00 1.004299713727876187e+00
1.003679050595043032e+00 1.006872470757992133e+00 1.008401664489097183e+00 1.008401664489097183e+00 1.006872470757992133e+00 1.003679050595043032e+00
1.005399385013757696e+00 1.010811245519509294e+00 1.010866336061841952e+00 1.010866336061841952e+00 1.010811245519509294e+00 1.005399385013757696e+00
1.005405622759754536e+00 1.008132860537799935e+00 1.010838790790675734e+00 1.010838790790675734e+00 1.008132860537799935e+00 1.005405622759754536e+00
1.004066430268899968e+00 1.008122206775215135e+00 1.009485825664237835e+00 1.009485825664237835e+00 1.008122206775215135e+00 1.004066430268899968e+00
1.004061103387607456e+00 1.006776127966568790e+00 1.008804016219726485e+00 1.008804016219726485e+00 1.006776127966568790e+00 1.004061103387607456e+00
1.003388063983284395e+00 1.006432559803666971e+00 1.007790072093147637e+00 1.007790072093147637e+00 1.006432559803666971e+00 1.003388063983284395e+00
1.003216279901833374e+00 1.005589068038216016e+00 1.007111315948407304e+00 1.007111315948407304e+00 1.005589068038216016e+00 1.003216279901833374e+00
1.002794534019108008e+00 1.005163797925120228e+00 1.006350191993311771e+00 1.006350191993311771e+00 1.005163797925120228e+00 1.002794534019108008e+00
1.002581898962560114e+00 1.004572363006210001e+00 1.005756994959216000e+00 1.005756994959216000e+00 1.004572363006210001e+00 1.002581898962560114e+00
1.002286181503105000e+00 1.004169446960887946e+00 1.005164678982712889e+00 1.005164678982712889e+00 1.004169446960887946e+00 1.002286181503105000e+00
1.002084723480443973e+00 1.003725430242909056e+00 1.004667062971800418e+00 1.004667062971800418e+00 1.003725430242909056e+00 1.002084723480443973e+00
1.001103092575884368e+00 1.003784394090385002e+00 9.855318833096058384e-01 9.855318833096058384e-01 1.003784394090385002e+00 1.001103092575884368e+00
1.001892197045192390e+00 9.933174879427451032e-01 9.946581386999954200e-01 9.946581386999954200e-01 9.933174879427451032e-01 1.001892197045192390e+00
9.966587439713725516e-01 9.982751678725938493e-01 9.939878133213702061e-01 9.939878133213702061e-01 9.982751678725938493e-01 9.966587439713725516e-01
9.991375839362969247e-01 9.953232786463713788e-01 9.961314905969820277e-01 9.961314905969820277e-01 9.953232786463713788e-01 9.991375839362969247e-01
9.976616393231856339e-01 9.976345372666395317e-01 9.957273846216767588e-01 9.957273846216767588e-01 9.976345372666395317e-01 9.976616393231856339e-01
9.988172686333197658e-01 9.966945119724311963e-01 9.966809609441581452e-01 9.966809609441581452e-01 9.966945119724311963e-01 9.988172686333197658e-01
9.983472559862156537e-01 9.977491147887389555e-01 9.966877364582946708e-01 9.966877364582946708e-01 9.977491147887389555e-01 9.983472559862156537e-01
9.988745573943694778e-01 9.975174962222551622e-01 9.972184256235168132e-01 9.972184256235168132e-01 9.975174962222551622e-01 9.988745573943694778e-01
9.987587481111275256e-01 9.980464915089430900e-01 9.973679609228860432e-01 9.973679609228860432e-01 9.980464915089430900e-01 9.987587481111275256e-01
9.990232457544715450e-01 9.980633545170067844e-01 9.977072262159145666e-01 9.977072262159145666e-01 9.980633545170067844e-01 9.990232457544715450e-01
9.988041205616067231e-01 9.971671317383135058e-01 9.966237540431317488e-01 9.966237540431317488e-01 9.971671317383135058e-01 9.988041205616067231e-01
9.985835658691567529e-01 9.977139373023692359e-01 9.968954428907226273e-01 9.968954428907226273e-01 9.977139373023692359e-01 9.985835658691567529e-01
9.988569686511845624e-01 9.977395043799397456e-01 9.973046900965458761e-01 9.973046900965458761e-01 9.977395043799397456e-01 9.988569686511845624e-01
9.988697521899698728e-01 9.980808293738652193e-01 9.975220972382428108e-01 9.975220972382428108e-01 9.980808293738652193e-01 9.988697521899698728e-01
9.990404146869326096e-01 9.981959247141063418e-01 9.978014633060540151e-01 9.978014633060540151e-01 9.981959247141063418e-01 9.990404146869326096e-01
9.990979623570531709e-01 9.984209389964933123e-01 9.979986940100802340e-01 9.979986940100802340e-01 9.984209389964933123e-01 9.990979623570531709e-01
9.992104694982466562e-01 9.985483281835667579e-01 9.982098165032867731e-01 9.982098165032867731e-01 9.985483281835667579e-01 9.992104694982466562e-01
9.992741640917833790e-01 9.987101430007667702e-01 9.983790723434267100e-01 9.983790723434267100e-01 9.987101430007667702e-01 9.992741640917833790e-01
9.993550715003833851e-01 9.988266182176051000e-01 9.985446076720967401e-01 9.985446076720967401e-01 9.988266182176051000e-01 9.993550715003833851e-01
9.994133091088025500e-01 9.989498395862400626e-01 9.986856129448509201e-01 9.986856129448509201e-01 9.989498395862400626e-01 9.994133091088025500e-01
1.000100471413897019e+00 9.991852787068321584e-01 9.999949658154482224e-01 9.999949658154482224e-01 9.991852787068321584e-01 1.000100471413897019e+00
9.995926393534160237e-01 1.000047718614672565e+00 9.995901222611401904e-01 9.995901222611401904e-01 1.000047718614672565e+00 9.995926393534160237e-01
1.000023859307336282e+00 9.995913808072780515e-01 9.998189204379064332e-01 9.998189204379064332e-01 9.995913808072780515e-01 1.000023859307336282e+00
9.997956904036390258e-01 9.999213898726213579e-01 9.997051506225922424e-01 9.997051506225922424e-01 9.999213898726213579e-01 9.997956904036390258e-01
9.999606949363106789e-01 9.997504205131155786e-01 9.998132702476068001e-01 9.998132702476068001e-01 9.997504205131155786e-01 9.999606949363106789e-01
9.998752102565577893e-01 9.998869825919587395e-01 9.997818453803611893e-01 9.997818453803611893e-01 9.998869825919587395e-01 9.998752102565577893e-01
9.999434912959793698e-01 9.998285278184595448e-01 9.998344139861599089e-01 9.998344139861599089e-01 9.998285278184595448e-01 9.999434912959793698e-01
9.999142639092297724e-01 9.998889526410696948e-01 9.998314709023097269e-01 9.998314709023097269e-01 9.998889526410696948e-01 9.999142639092297724e-01
9.999444763205348474e-01 9.998728674057697496e-01 9.998602117716897109e-01 9.998602117716897109e-01 9.998728674057697496e-01 9.999444763205348474e-01
9.999364337028848748e-01 9.999023440461123347e-01 9.998665395887297302e-01 9.998665395887297302e-01 9.999023440461123347e-01 9.999364337028848748e-01
9.998949126133381826e-01 9.998315911798175692e-01 9.997933612864875474e-01 9.997933612864875474e-01 9.998315911798175692e-01 9.998949126133381826e-01
9.999157955899087291e-01 9.998441369499129205e-01 9.998124762331526139e-01 9.998124762331526139e-01 9.998441369499129205e-01 9.999157955899087291e-01
9.999220684749564603e-01 9.998641359115306715e-01 9.998283065915327672e-01 9.998283065915327672e-01 9.998641359115306715e-01 9.999220684749564603e-01
9.999320679557652802e-01 9.998751875332445582e-01 9.998462212515317749e-01 9.998462212515317749e-01 9.998751875332445582e-01 9.999320679557652802e-01
9.999375937666222791e-01 9.998891446036485275e-01 9.998607043923881665e-01 9.998607043923881665e-01 9.998891446036485275e-01 9.999375937666222791e-01
9.999445723018243193e-01 9.998991490795052783e-01 9.998749244980182915e-01 9.998749244980182915e-01 9.998991490795052783e-01 9.999445723018243193e-01
9.999495745397526392e-01 9.999097483999213054e-01 9.998870367887617849e-01 9.998870367887617849e-01 9.999097483999213054e-01 9.999495745397526392e-01
9.999548741999606527e-01 9.999183056642572121e-01 9.998983925943415452e-01 9.998983925943415452e-01 9.999183056642572121e-01 9.999548741999606527e-01
9.999591528321285505e-01 9.999266333971510434e-01 9.999083491292993786e-01 9.999083491292993786e-01 9.999266333971510434e-01 9.999591528321285505e-01
9.999633166985755217e-01 9.999337509807140201e-01 9.999174912632251555e-01 9.999174912632251555e-01 9.999337509807140201e-01 9.999633166985755217e-01
9.999697849411476325e-01 1.000008149277234137e+00 1.000020896099176992e+00 1.000020896099176992e+00 1.000008149277234137e+00 9.999697849411476325e-01
1.000004074638617180e+00 9.999953405201622569e-01 1.000014522688205565e+00 1.000014522688205565e+00 9.999953405201622569e-01 1.000004074638617180e+00
9.999976702600811285e-01 1.000009298663411261e+00 1.000004931604183911e+00 1.000004931604183911e+00 1.000009298663411261e+00 9.999976702600811285e-01
1.000004649331705631e+00 1.000001300932132464e+00 1.000007115133797697e+00 1.000007115133797697e+00 1.000001300932132464e+00 1.000004649331705631e+00
1.000000650466066343e+00 1.000005882232751553e+00 1.000004208032965192e+00 1.000004208032965192e+00 1.000005882232751553e+00 1.000000650466066343e+00
1.000002941116375776e+00 1.000002429249515767e+00 1.000005045132858372e+00 1.000005045132858372e+00 1.000002429249515767e+00 1.000002941116375776e+00
1.000001214624757884e+00 1.000003993124617185e+00 1.000003737191187181e+00 1.000003737191187181e+00 1.000003993124617185e+00 1.000001214624757884e+00
1.000001996562308593e+00 1.000002475907972421e+00 1.000003865157902183e+00 1.000003865157902183e+00 1.000002475907972421e+00 1.000001996562308593e+00
1.000001237953986211e+00 1.000002930860105277e+00 1.000003170532937302e+00 1.000003170532937302e+00 1.000002930860105277e+00 1.000001237953986211e+00
1.000001465430052638e+00 1.000002204243461756e+00 1.000003050696521179e+00 1.000003050696521179e+00 1.000002204243461756e+00 1.000001465430052638e+00
1.000001428824056848e+00 1.000003162244566868e+00 1.000003661329182503e+00 1.000003661329182503e+00 1.000003162244566868e+00 1.000001428824056848e+00
1.000001581122283323e+00 1.000002545076619676e+00 1.000003411786874796e+00 1.000003411786874796e+00 1.000002545076619676e+00 1.000001581122283323e+00
1.000001272538309838e+00 1.000002496454579060e+00 1.000002978431747236e+00 1.000002978431747236e+00 1.000002496454579060e+00 1.000001272538309838e+00
1.000001248227289530e+00 1.000002125485028426e+00 1.000002737443163259e+00 1.000002737443163259e+00 1.000002125485028426e+00 1.000001248227289530e+00
1.000001062742514213e+00 1.000001992835226394e+00 1.000002431464095842e+00 1.000002431464095842e+00 1.000001992835226394e+00 1.000001062742514213e+00
1.000000996417613308e+00 1.000001747103305139e+00 1.000002212149661229e+00 1.000002212149661229e+00 1.000001747103305139e+00 1.000000996417613308e+00
1.000000873551652569e+00 1.000001604283637269e+00 1.000001979626483184e+00 1.000001979626483184e+00 1.000001604283637269e+00 1.000000873551652569e+00
1.000000802141818745e+00 1.000001426589067766e+00 1.000001791955060337e+00 1.000001791955060337e+00 1.000001426589067766e+00 1.000000802141818745e+00
1.000000713294533883e+00 1.000001297048439541e+00 1.000001609272064051e+00 1.000001609272064051e+00 1.000001297048439541e+00 1.000000713294533883e+00
1.000000648524219660e+00 1.000001161283298856e+00 1.000001453160251685e+00 1.000001453160251685e+00 1.000001161283298856e+00 1.000000648524219660e+00
9.999996215595422511e-01 1.000000915363156828e+00 9.999996386501095458e-01 9.999996386501095458e-01 1.000000915363156828e+00 9.999996215595422511e-01
1.000000457681578414e+00 9.999996301048259539e-01 1.000000277006633187e+00 1.000000277006633187e+00 9.999996301048259539e-01 1.000000457681578414e+00
9.999998150524129770e-01 1.000000367344105801e+00 9.999999535557295705e-01 9.999999535557295705e-01 1.000000367344105801e+00 9.999998150524129770e-01
1.000000183672052900e+00 9.999998843040712737e-01 1.000000160449917797e+00 1.000000160449917797e+00 9.999998843040712737e-01 1.000000183672052900e+00
9.999999421520355813e-01 1.000000172060985459e+00 1.000000022376994480e+00 1.000000022376994480e+00 1.000000172060985459e+00 9.999999421520355813e-01
1.000000086030492730e+00 9.999999822645150305e-01 1.000000097218989970e+00 1.000000097218989970e+00 9.999999822645150305e-01 1.000000086030492730e+00
9.999999911322574597e-01 1.000000091624741350e+00 1.000000039741752555e+00 1.000000039741752555e+00 1.000000091624741350e+00 9.999999911322574597e-01
1.000000045812370786e+00 1.000000015437005008e+00 1.000000065683246842e+00 1.000000065683246842e+00 1.000000015437005008e+00 1.000000045812370786e+00
1.000000007718502504e+00 1.000000055747808814e+00 1.000000040560125925e+00 1.000000040560125925e+00 1.000000055747808814e+00 1.000000007718502504e+00
1.000000027873904518e+00 1.000000024139314103e+00 1.000000048153967480e+00 1.000000048153967480e+00 1.000000024139314103e+00 1.000000027873904518e+00
1.000000042746543860e+00 1.000000059961169141e+00 1.000000062713835902e+00 1.000000062713835902e+00 1.000000059961169141e+00 1.000000042746543860e+00
1.000000029980584682e+00 1.000000052730189992e+00 1.000000061337502633e+00 1.000000061337502633e+00 1.000000052730189992e+00 1.000000029980584682e+00
1.000000026365094996e+00 1.000000045659043657e+00 1.000000057033846312e+00 1.000000057033846312e+00 1.000000045659043657e+00 1.000000026365094996e+00
1.000000022829521829e+00 1.000000041699470543e+00 1.000000051346444874e+00 1.000000051346444874e+00 1.000000041699470543e+00 1.000000022829521829e+00
1.000000020849735272e+00 1.000000037087983351e+00 1.000000046522957708e+00 1.000000046522957708e+00 1.000000037087983351e+00 1.000000020849735272e+00
